81 stops, 90 old_students, 10 new_students, 20.0 max_walk, 45 capacity
1 50.0 50.0
2 75.313 47.375
3 27.123 58.572
4 25.776 61.334
5 68.322 41.414
6 59.135 73.517
7 52.305 70.185
8 69.051 72.26
9 47.246 47.681
10 54.771 45.472
11 68.989 56.359
12 53.52 60.252
13 44.441 59.25
14 31.856 45.565
15 67.074 57.97
16 69.318 42.519
17 63.337 50.546
18 37.626 70.349
19 41.385 42.673
20 31.404 48.408
21 66.529 48.09
22 44.982 45.144
23 72.155 42.654
24 75.19 56.771
25 35.317 45.506
26 32.481 59.399
27 33.499 50.29
28 39.544 42.866
29 27.097 59.883
30 33.494 62.732
31 62.977 44.715
32 74.53 50.824
33 40.866 66.16
34 42.143 64.815
35 60.651 60.543
36 59.077 53.646
37 64.837 71.794
38 37.066 45.368
39 71.382 51.324
40 28.412 55.684
41 46.588 53.265
42 30.663 57.751
43 73.637 53.065
44 31.413 66.236
45 67.404 43.123
46 32.019 65.342
47 40.86 63.056
48 50.347 50.262
49 53.6 65.776
50 69.226 65.436
51 64.838 59.091
52 42.538 66.236
53 37.191 62.068
54 69.793 73.198
55 60.133 51.193
56 54.047 61.51
57 57.642 54.075
58 63.635 46.983
59 41.038 55.644
60 44.177 50.057
61 26.287 63.517
62 62.261 63.133
63 50.774 54.883
64 48.146 58.376
65 47.112 68.375
66 32.334 61.687
67 68.773 42.432
68 65.933 50.878
69 48.292 73.345
70 50.656 54.583
71 46.402 42.452
72 62.645 72.234
73 29.465 50.641
74 28.725 43.809
75 64.491 61.412
76 37.863 68.3
77 75.113 50.177
78 43.627 52.91
79 51.853 61.649
80 65.54 71.646
1 78.126 47.106 7.45 23.35
2 72.132 55.786 20.0 2187.84
3 74.052 52.441 9.97 23.35
4 83.003 50.452 13.36 23.35
5 88.237 42.377 20.0 2187.84
6 74.62 48.791 6.62 23.35
7 79.359 51.207 20.0 2187.84
8 74.214 49.491 7.15 23.35
9 73.26 27.586 15.11 23.35
10 75.377 47.418 5.76 23.35
11 61.483 45.225 10.98 23.35
12 69.161 42.129 3.04 23.35
13 70.717 46.651 4.25 23.35
14 76.892 42.336 4.75 23.35
15 82.84 33.89 13.82 23.35
16 70.344 63.5 9.96 26.37
17 78.3 40.522 6.51 23.35
18 60.336 47.632 12.83 23.35
19 79.856 33.974 11.61 23.35
20 83.916 45.136 12.03 23.35
21 27.139 56.538 4.99 66.81
22 25.011 51.491 9.88 66.81
23 37.099 60.272 12.89 18.61
24 24.881 48.097 13.27 66.81
25 27.262 58.472 3.23 66.81
26 10.559 50.552 18.65 66.81
27 36.494 49.313 16.11 66.81
28 23.527 61.339 2.25 66.81
29 29.947 60.306 4.3 66.81
30 23.348 57.764 4.32 66.81
31 43.42 59.673 9.46 18.61
32 29.61 49.307 12.63 66.81
33 26.854 58.319 3.21 66.81
34 28.234 64.785 19.22 18.61
35 19.721 70.364 10.88 66.81
36 26.825 51.248 10.15 66.81
37 43.808 56.058 18.79 66.81
38 34.343 50.39 13.9 66.81
39 27.586 59.166 2.83 66.81
40 37.085 57.715 20.0 2187.84
41 30.46 51.472 10.92 66.81
42 9.06 62.162 16.74 66.81
43 36.105 66.87 11.72 66.81
44 28.573 54.829 7.09 66.81
45 12.336 60.11 13.5 66.81
46 25.728 57.56 3.78 66.81
47 31.226 74.193 13.97 66.81
48 12.795 76.333 20.0 2187.84
49 9.8 63.619 16.14 66.81
50 15.901 72.369 14.81 66.81
51 26.792 62.257 1.38 66.81
52 25.294 50.875 10.48 66.81
53 26.482 62.126 1.07 66.81
54 29.987 64.065 17.66 18.61
55 15.53 58.689 10.59 66.81
56 24.357 54.838 6.65 66.81
57 42.703 55.824 20.0 2187.84
58 15.589 55.764 11.62 66.81
59 26.403 67.527 6.23 66.81
60 23.5 62.158 2.43 66.81
61 55.685 53.916 16.81 18.61
62 84.067 29.694 17.61 23.35
63 67.15 48.683 7.84 23.35
64 78.056 32.825 11.47 23.35
65 68.457 23.719 19.3 23.35
66 71.517 43.818 1.33 23.35
67 78.427 46.461 7.34 23.35
68 56.436 41.544 20.0 2187.84
69 73.58 38.626 4.28 23.35
70 67.547 40.664 5.02 23.35
71 69.82 55.871 20.0 2187.84
72 69.066 44.586 3.65 23.35
73 86.764 46.178 15.03 23.35
74 68.313 41.506 4.01 23.35
75 61.853 33.163 20.0 2187.84
76 67.331 39.045 6.03 23.35
77 68.636 50.125 8.26 23.35
78 59.771 28.254 19.0 23.35
79 73.396 38.104 4.72 23.35
80 80.948 44.285 8.95 23.35
81 75.222 73.446 20.0 2187.84
82 59.276 76.364 7.2 26.37
83 43.999 81.213 13.22 18.61
84 43.04 79.177 11.55 18.61
85 67.013 87.072 15.44 26.37
86 59.356 63.22 10.18 26.37
87 43.252 70.236 4.29 18.61
88 42.968 63.904 17.39 66.81
89 54.422 81.772 15.27 18.61
90 69.461 66.243 7.23 26.37
91 56.68 59.588 14.69 26.37
92 42.216 83.189 15.61 18.61
93 66.714 57.543 15.86 23.35
94 48.599 68.17 16.64 26.37
95 56.796 77.031 12.99 18.61
96 68.01 77.817 6.81 26.37
97 52.167 69.945 5.3 18.61
98 73.302 83.767 14.67 26.37
99 54.756 73.23 9.06 18.61
100 60.935 67.488 13.86 18.61
Old Students: 30 79 47 6 42 27 19 38 29 94 8 17 11 50 87 31 34 26 76 84 77 98 58 20 54 12 35 89 25 51 62 92 95 82 44 22 83 85 21 1 4 56 3 28 66 88 65 41 61 97 39 37 91 10 45 13 18 9 64 86 36 32 33 90 23 52 70 80 43 53 63 67 100 59 49 55 24 93 14 46 78 99 16 74 60 96 72 69 15 73 
New Students: 48 68 75 40 81 5 2 71 7 57 