81 stops, 90 old_students, 10 new_students, 5.0 max_walk, 22 capacity
1 50.0 50.0
2 93.051 59.056
3 33.463 14.024
4 31.664 66.789
5 21.382 44.213
6 16.848 76.635
7 26.048 62.339
8 55.734 61.906
9 27.03 41.369
10 25.864 37.32
11 76.355 22.138
12 77.737 68.336
13 81.893 29.661
14 88.711 71.654
15 34.21 42.428
16 59.883 47.165
17 82.5 41.114
18 41.572 40.661
19 54.276 61.491
20 64.071 57.513
21 60.368 73.336
22 40.922 23.203
23 34.698 47.971
24 68.224 57.3
25 54.856 59.607
26 90.2 36.173
27 74.998 18.479
28 27.415 72.434
29 23.389 68.891
30 61.782 73.206
31 66.864 26.299
32 67.79 36.276
33 90.438 41.079
34 52.353 36.527
35 22.205 71.085
36 44.394 31.366
37 58.464 27.409
38 29.263 59.786
39 56.205 20.649
40 72.783 61.741
41 70.204 44.681
42 47.843 30.479
43 34.366 39.686
44 58.99 67.097
45 81.956 51.464
46 76.978 45.043
47 74.336 41.534
48 88.318 76.625
49 68.239 49.309
50 26.444 48.657
51 64.733 40.32
52 54.963 18.549
53 56.878 58.179
54 91.749 34.004
55 29.457 32.316
56 91.935 39.828
57 66.047 25.395
58 84.747 16.734
59 55.716 74.847
60 67.212 65.599
61 25.64 39.079
62 17.285 15.643
63 87.802 46.202
64 84.68 27.372
65 54.489 42.004
66 34.94 60.866
67 53.66 65.167
68 91.212 41.25
69 45.159 56.767
70 45.659 70.146
71 34.098 44.666
72 91.432 26.609
73 86.906 61.096
74 37.121 33.745
75 67.38 55.199
76 56.473 68.992
77 65.418 19.267
78 38.306 41.061
79 17.876 51.307
80 80.991 20.184
1 88.727 61.175 4.82 85.19
2 96.313 56.159 4.37 85.19
3 96.722 59.711 3.73 85.19
4 90.628 55.945 3.95 85.19
5 90.491 61.911 3.68 78.72
6 91.901 60.151 1.59 85.19
7 92.47 57.618 1.56 85.19
8 92.701 57.261 1.83 85.19
9 90.838 57.151 2.92 85.19
10 93.243 60.032 1.0 85.19
11 92.116 59.786 1.19 85.19
12 93.37 63.268 4.23 85.19
13 91.813 55.05 4.2 85.19
14 91.356 60.327 2.12 85.19
15 97.55 60.728 4.8 85.19
16 94.696 56.544 3.01 85.19
17 96.043 59.179 3.0 85.19
18 90.071 57.065 3.59 85.19
19 94.138 59.171 1.1 85.19
20 91.196 63.672 4.98 85.19
21 33.508 14.116 5.0 3476.45
22 36.505 10.151 4.93 39.6
23 32.761 14.618 0.92 39.6
24 35.603 10.275 4.32 39.6
25 36.417 17.608 4.65 39.6
26 32.895 14.501 0.75 39.6
27 30.647 10.182 4.77 39.6
28 34.606 14.16 1.16 39.6
29 31.351 16.575 3.32 39.6
30 32.348 16.25 2.49 39.6
31 35.759 11.396 3.49 39.6
32 32.382 11.639 2.62 39.6
33 33.015 14.365 0.57 39.6
34 33.069 18.34 4.34 39.6
35 32.006 13.194 5.0 3476.45
36 31.007 16.581 5.0 3476.45
37 32.722 11.279 2.85 39.6
38 33.284 16.311 2.3 39.6
39 34.876 17.133 3.42 39.6
40 36.756 13.08 3.43 39.6
41 33.881 64.045 3.36 89.56
42 26.862 67.629 5.0 3476.45
43 33.294 71.297 4.8 24.87
44 29.912 67.785 5.0 3476.45
45 30.763 66.175 1.1 24.87
46 32.918 65.357 1.91 24.87
47 31.693 62.432 3.61 89.56
48 33.423 69.54 3.27 24.87
49 31.395 67.145 0.45 24.87
50 31.309 67.044 0.44 24.87
51 32.087 66.669 0.44 24.87
52 32.894 67.356 1.36 24.87
53 31.676 66.673 0.12 24.87
54 31.732 66.922 0.15 24.87
55 27.955 65.082 4.09 24.87
56 33.005 64.952 5.0 3476.45
57 33.776 69.056 3.1 24.87
58 31.273 71.488 4.72 24.87
59 35.546 68.383 4.2 24.87
60 32.512 65.212 1.8 24.87
61 18.631 43.31 2.9 29.2
62 21.086 44.876 0.73 29.2
63 23.068 47.793 3.96 29.2
64 21.24 44.26 0.15 29.2
65 21.666 44.161 0.29 29.2
66 22.207 46.916 5.0 3476.45
67 24.219 43.736 3.68 35.53
68 21.951 45.709 1.61 29.2
69 19.209 46.173 2.93 29.2
70 21.183 45.695 1.5 29.2
71 25.768 42.634 1.79 35.53
72 21.401 44.207 0.02 29.2
73 22.93 43.121 1.9 29.2
74 21.634 42.062 2.17 29.2
75 21.396 41.234 2.98 29.2
76 22.653 42.254 4.47 35.53
77 20.617 47.838 3.71 29.2
78 22.42 43.368 1.34 29.2
79 22.238 39.507 4.79 29.2
80 21.099 45.607 1.43 29.2
81 17.003 76.57 0.17 42.53
82 14.416 79.508 3.77 42.53
83 17.767 78.007 1.66 42.53
84 13.464 77.212 3.44 42.53
85 21.298 74.902 3.93 34.89
86 19.63 79.69 5.0 3476.45
87 14.868 76.657 1.99 42.53
88 16.923 77.573 0.95 42.53
89 12.341 75.148 4.75 42.53
90 18.442 79.33 5.0 3476.45
91 15.793 77.123 1.17 42.53
92 13.271 77.403 3.66 42.53
93 16.842 72.21 4.43 42.53
94 17.221 74.46 2.21 42.53
95 16.621 75.191 1.47 42.53
96 15.681 78.167 1.93 42.53
97 16.612 76.847 0.32 42.53
98 16.534 74.844 1.82 42.53
99 19.066 75.099 5.0 3476.45
100 13.824 75.378 3.28 42.53
Old Students: 46 23 81 15 13 64 8 10 60 50 40 87 93 24 98 17 28 4 14 91 97 9 38 78 41 94 83 5 51 19 92 75 26 49 20 68 1 16 58 55 84 65 11 34 82 52 63 72 71 95 25 2 43 47 96 48 57 7 69 74 30 54 59 80 37 61 76 77 31 45 88 85 79 27 6 22 70 3 32 29 53 18 12 39 89 33 67 100 73 62 
New Students: 36 99 35 86 42 44 56 21 66 90 