81 stops, 90 old_students, 10 new_students, 10.0 max_walk, 45 capacity
1 50.0 50.0
2 75.829 39.847
3 10.973 87.229
4 24.932 26.486
5 13.789 84.781
6 60.887 54.305
7 26.142 84.382
8 55.804 71.586
9 55.301 67.835
10 14.71 42.926
11 14.556 54.871
12 37.051 87.021
13 14.557 29.964
14 32.378 34.269
15 71.313 73.373
16 66.811 56.515
17 18.53 40.304
18 14.328 73.846
19 36.538 31.123
20 38.023 77.451
21 30.695 76.169
22 66.557 70.392
23 42.547 49.634
24 71.256 26.562
25 52.097 72.955
26 26.141 31.768
27 17.007 76.652
28 21.516 50.117
29 46.992 81.759
30 48.34 72.008
31 47.439 42.172
32 12.982 35.847
33 42.17 82.975
34 22.983 32.895
35 33.662 35.267
36 42.704 75.822
37 56.684 64.642
38 17.555 65.585
39 26.477 58.624
40 27.747 70.417
41 51.751 44.463
42 54.02 37.567
43 11.608 68.704
44 68.661 45.309
45 31.308 86.015
46 61.214 43.052
47 64.607 41.13
48 71.308 52.135
49 42.35 55.964
50 35.11 52.846
51 72.238 37.543
52 72.805 55.836
53 30.609 52.414
54 46.93 74.055
55 13.436 41.758
56 70.4 80.968
57 41.84 53.568
58 48.882 38.247
59 60.229 54.877
60 53.028 43.16
61 54.436 55.412
62 24.626 44.986
63 18.75 77.233
64 36.251 74.549
65 64.044 80.458
66 12.571 86.0
67 26.135 55.558
68 12.527 70.934
69 20.258 33.538
70 59.72 60.377
71 43.624 79.136
72 36.769 50.982
73 68.312 62.627
74 48.395 35.443
75 44.175 27.051
76 40.363 58.644
77 46.35 67.434
78 70.918 71.474
79 29.358 49.186
80 59.809 44.06
1 83.986 44.41 9.35 34.25
2 73.446 35.304 2.55 38.51
3 76.033 45.576 5.74 34.25
4 67.286 42.029 8.82 34.25
5 73.774 40.48 3.32 38.51
6 78.035 37.458 5.8 38.51
7 77.76 42.593 3.36 34.25
8 74.055 38.005 2.56 34.25
9 69.922 42.198 5.2 38.51
10 70.191 42.461 6.22 34.25
11 80.121 30.826 10.0 3489.89
12 76.269 39.629 0.5 34.25
13 69.994 42.4 5.36 38.51
14 68.817 35.121 8.46 34.25
15 73.184 37.939 3.27 34.25
16 70.899 39.491 4.95 34.25
17 75.731 39.864 4.2 38.51
18 75.82 39.874 0.03 34.25
19 74.783 39.159 1.26 34.25
20 81.729 45.73 8.34 34.25
21 10.01 86.356 4.1 86.0
22 5.58 86.356 5.47 89.73
23 19.208 83.45 9.07 89.73
24 16.591 83.656 6.66 89.73
25 12.14 85.658 1.96 89.73
26 11.127 86.866 0.4 89.73
27 10.419 82.338 4.93 89.73
28 17.138 82.814 7.59 89.73
29 16.328 84.549 10.0 3489.89
30 17.301 87.344 4.35 86.0
31 11.089 85.901 1.34 89.73
32 4.186 82.997 8.0 89.73
33 19.002 86.644 8.06 89.73
34 13.999 87.495 3.04 89.73
35 12.904 84.962 2.98 89.73
36 15.199 94.22 8.17 89.73
37 12.746 85.343 1.19 86.0
38 13.682 78.027 10.0 3489.89
39 17.344 83.113 7.59 89.73
40 15.557 94.063 9.45 86.0
41 24.791 26.672 0.24 38.49
42 24.863 27.484 1.01 38.49
43 22.486 32.578 6.57 38.49
44 23.312 19.769 6.91 38.49
45 19.036 18.56 9.88 38.49
46 17.399 26.423 7.54 38.49
47 26.71 19.642 7.08 38.49
48 28.036 27.001 3.15 38.49
49 31.515 33.345 9.51 38.49
50 29.827 33.704 8.73 38.49
51 24.854 26.524 0.09 38.49
52 20.988 22.619 5.53 38.49
53 23.207 36.32 9.99 38.49
54 19.467 19.007 9.27 38.49
55 23.134 25.101 10.0 3489.89
56 21.986 35.047 9.06 38.49
57 20.54 19.683 8.1 38.49
58 32.034 30.045 7.95 38.49
59 23.285 26.982 10.0 3489.89
60 20.563 26.689 4.38 38.49
61 4.334 88.028 10.0 86.0
62 9.586 92.292 5.25 89.73
63 13.976 83.711 4.63 89.73
64 6.65 84.89 7.14 86.0
65 19.487 91.033 9.33 89.73
66 15.116 85.009 4.71 89.73
67 6.469 84.159 5.46 89.73
68 18.47 81.886 9.21 89.73
69 12.124 79.914 7.41 89.73
70 17.076 80.857 8.83 89.73
71 18.858 80.492 10.0 3489.89
72 15.527 83.57 5.85 89.73
73 6.032 79.821 8.91 89.73
74 15.177 81.188 7.36 89.73
75 11.009 82.574 3.55 86.0
76 20.934 79.141 9.11 86.0
77 12.338 79.656 7.7 89.73
78 11.19 83.975 2.73 86.0
79 22.814 85.148 9.04 86.0
80 12.206 79.196 8.13 89.73
81 61.446 50.245 4.79 12.58
82 56.648 60.13 6.36 12.58
83 60.745 51.885 10.0 3489.89
84 61.771 47.397 6.97 11.71
85 57.374 49.158 6.4 12.58
86 67.205 53.739 6.35 11.71
87 56.511 57.428 4.51 12.58
88 62.192 47.744 6.69 11.71
89 61.204 64.208 9.39 12.58
90 60.739 54.618 0.58 12.58
91 59.222 52.94 2.19 12.58
92 64.684 58.796 10.0 3489.89
93 53.151 53.339 7.8 11.71
94 60.478 56.489 1.64 12.58
95 58.885 47.842 7.17 12.58
96 63.364 61.807 10.0 3489.89
97 64.221 55.794 10.0 3489.89
98 67.143 54.482 6.26 11.71
99 57.839 55.213 2.42 12.58
100 59.105 62.287 7.5 12.58
Old Students: 95 67 79 62 37 1 91 45 61 14 17 2 22 40 84 82 33 89 51 77 12 98 100 20 31 74 15 44 21 36 88 54 32 49 53 72 80 4 99 73 34 9 47 50 85 10 3 65 52 60 66 23 39 6 90 30 48 68 63 24 41 56 94 87 18 28 8 69 42 78 93 35 25 43 76 7 70 81 57 75 64 19 58 27 86 13 16 46 26 5 
New Students: 96 11 38 71 97 83 59 29 92 55 