21 stops, 22 old_students, 3 new_students, 20.0 max_walk, 45 capacity
1 50.0 50.0
2 24.692 38.317
3 68.415 50.996
4 34.292 31.148
5 20.891 33.849
6 74.41 43.128
7 69.008 32.565
8 71.021 47.102
9 57.388 37.973
10 69.627 44.887
11 71.35 32.641
12 23.546 47.884
13 23.105 43.331
14 33.245 37.47
15 53.115 41.572
16 30.869 40.448
17 34.511 44.138
18 39.738 43.972
19 70.371 35.17
20 42.343 45.826
1 18.739 55.899 20.0 465.82
2 24.256 44.891 10.29 57.85
3 19.146 43.959 5.9 69.44
4 38.909 28.062 16.67 57.85
5 15.373 33.366 16.67 69.44
6 71.879 51.229 4.22 21.22
7 60.315 44.304 11.07 21.22
8 83.471 51.662 13.26 21.22
9 70.179 42.393 4.79 21.22
10 71.707 32.348 14.77 21.22
11 14.718 30.2 19.77 69.44
12 38.31 26.971 17.59 57.85
13 28.194 26.234 18.99 57.85
14 30.596 46.303 4.48 57.85
15 34.3 31.154 20.0 465.82
16 21.998 33.4 14.57 69.44
17 38.961 25.957 20.0 465.82
18 8.802 36.367 18.71 69.44
19 20.449 32.13 16.06 69.44
20 19.286 39.723 9.21 69.44
21 89.921 47.481 18.91 21.22
22 71.709 38.405 8.73 21.22
23 74.44 49.491 4.18 21.22
24 87.602 37.915 18.96 21.22
25 69.303 47.268 1.73 21.22
Old Students: 14 13 19 23 10 2 3 25 18 5 20 9 12 22 11 7 6 16 21 8 4 24 
New Students: 17 1 15 