41 stops, 45 old_students, 5 new_students, 20.0 max_walk, 22 capacity
1 50.0 50.0
2 75.49 47.335
3 26.542 75.899
4 59.663 52.983
5 36.142 51.415
6 23.485 62.525
7 34.311 62.916
8 30.178 56.635
9 67.635 49.264
10 30.6 62.539
11 53.349 54.959
12 43.92 57.652
13 54.137 75.085
14 57.461 58.068
15 33.279 52.304
16 41.52 55.864
17 28.641 68.703
18 36.766 60.904
19 30.98 67.259
20 74.424 49.356
21 36.108 75.419
22 72.304 75.839
23 24.821 62.087
24 29.499 74.267
25 53.887 64.215
26 59.518 53.809
27 50.045 69.299
28 72.6 61.876
29 75.074 55.786
30 74.726 49.394
31 38.396 58.775
32 42.687 72.177
33 58.451 74.645
34 32.357 75.192
35 47.769 64.434
36 26.504 61.854
37 29.309 49.582
38 67.292 50.316
39 58.706 49.223
40 74.473 48.074
1 62.697 57.86 9.79 5.99
2 70.789 54.348 13.13 8.75
3 63.692 60.596 12.42 8.75
4 79.815 46.236 5.65 24.55
5 72.087 37.52 17.78 8.75
6 79.694 29.135 19.65 24.55
7 62.349 33.661 15.99 8.75
8 88.484 38.642 16.89 24.55
9 73.494 48.848 14.8 8.75
10 84.669 34.115 17.29 24.55
11 10.802 65.586 18.82 41.73
12 24.787 72.241 5.13 45.11
13 37.706 74.851 19.37 67.09
14 34.055 77.419 10.62 32.01
15 19.702 73.769 9.81 45.11
16 22.983 74.507 3.83 41.73
17 38.415 83.352 14.02 41.73
18 24.712 75.892 10.67 32.01
19 37.879 85.244 13.82 45.11
20 12.094 85.081 17.12 41.73
21 55.326 72.429 20.0 1100.17
22 45.456 54.691 7.9 5.99
23 53.721 48.837 5.0 8.75
24 59.437 57.333 8.15 8.75
25 50.212 63.077 20.0 1100.17
26 61.304 49.258 9.79 5.99
27 45.561 53.655 7.9 5.99
28 76.051 42.277 18.69 8.75
29 61.31 65.775 13.43 5.99
30 71.01 36.572 17.65 8.75
31 43.938 51.298 10.1 5.99
32 22.325 59.699 16.74 41.73
33 41.554 53.824 17.76 8.75
34 18.195 57.235 15.87 16.88
35 40.933 53.606 18.31 8.75
36 40.332 52.583 13.24 5.99
37 41.982 50.961 12.05 5.99
38 37.955 50.555 16.02 5.99
39 39.239 66.786 11.16 67.09
40 38.064 57.793 20.0 1100.17
41 33.366 74.702 3.9 45.11
42 13.987 61.437 20.0 1100.17
43 25.36 78.543 20.0 1100.17
44 28.437 67.162 8.95 41.73
45 22.465 68.845 8.15 41.73
46 22.352 60.304 15.69 45.11
47 16.127 52.905 17.17 16.88
48 22.689 57.219 18.36 45.11
49 32.573 66.544 14.26 16.88
50 36.697 54.373 14.1 32.01
Old Students: 41 44 36 34 31 50 7 30 46 9 14 18 15 26 32 49 17 23 19 13 33 38 37 11 48 28 35 47 8 27 20 4 22 16 10 3 29 5 2 1 12 45 24 39 6 
New Students: 43 21 42 25 40 