21 stops, 22 old_students, 3 new_students, 10.0 max_walk, 45 capacity
1 50.0 50.0
2 36.347 23.066
3 17.443 45.586
4 38.746 73.134
5 78.018 85.703
6 14.784 70.974
7 50.293 33.914
8 74.243 68.634
9 35.916 69.91
10 45.023 50.339
11 62.137 60.722
12 58.948 27.741
13 24.276 68.013
14 35.359 36.889
15 38.537 28.889
16 15.652 35.885
17 16.252 73.117
18 71.917 47.139
19 65.688 44.232
20 33.51 46.82
1 37.742 22.701 1.45 165.61
2 36.5 26.258 3.2 165.61
3 30.964 15.438 9.34 165.61
4 40.053 20.105 4.75 165.61
5 44.475 28.797 9.95 165.61
6 18.28 46.833 1.51 136.21
7 18.915 45.214 1.52 136.21
8 12.156 51.96 8.29 136.21
9 16.673 45.677 10.0 871.58
10 26.466 45.549 9.03 136.21
11 38.976 80.15 7.02 86.62
12 43.348 76.562 5.74 86.62
13 39.795 72.119 1.46 86.62
14 38.174 71.682 1.57 86.62
15 45.76 73.118 7.02 86.62
16 75.544 89.832 4.82 45.39
17 72.397 89.565 10.0 871.58
18 77.914 84.97 0.75 45.39
19 81.946 89.259 5.3 45.39
20 84.962 87.668 7.22 45.39
21 22.301 66.528 8.74 110.68
22 19.703 73.622 5.59 110.68
23 12.7 69.368 2.64 110.68
24 14.329 68.328 2.69 110.68
25 13.074 70.514 10.0 871.58
Old Students: 7 14 8 21 20 5 24 15 12 3 13 22 10 4 6 2 19 11 23 16 1 18 
New Students: 25 9 17 