41 stops, 45 old_students, 5 new_students, 10.0 max_walk, 45 capacity
1 50.0 50.0
2 77.22 68.631
3 20.444 69.324
4 83.568 85.574
5 18.519 65.707
6 81.797 17.228
7 67.252 39.039
8 51.447 59.644
9 57.908 65.248
10 64.948 61.623
11 82.831 81.967
12 77.226 37.072
13 43.84 57.428
14 80.589 62.132
15 64.206 64.618
16 72.679 41.475
17 81.287 67.567
18 35.134 27.23
19 52.956 58.573
20 67.191 57.089
21 33.974 19.983
22 55.549 34.959
23 43.468 66.577
24 67.129 19.363
25 71.577 36.179
26 40.889 33.285
27 53.242 62.371
28 70.879 48.556
29 73.58 27.067
30 41.691 34.337
31 24.455 68.078
32 52.672 24.134
33 78.865 68.727
34 55.393 58.886
35 71.635 80.365
36 80.997 49.823
37 58.891 79.32
38 26.909 73.83
39 61.67 21.762
40 78.35 74.57
1 69.867 71.63 7.95 102.11
2 80.829 62.171 10.0 1867.95
3 72.955 69.951 4.47 102.11
4 80.418 65.13 4.75 102.11
5 72.91 69.915 4.5 102.11
6 70.826 72.446 7.45 102.11
7 77.335 70.068 1.45 102.11
8 71.585 68.728 5.64 102.11
9 84.083 62.929 10.0 1867.95
10 71.027 62.415 8.78 102.11
11 21.983 66.568 3.16 185.39
12 19.494 68.834 1.07 185.39
13 19.743 69.713 10.0 1867.95
14 19.131 71.13 2.24 185.39
15 26.069 67.33 5.97 185.39
16 19.521 70.556 1.54 185.39
17 11.352 71.864 9.45 185.39
18 17.759 70.774 3.06 185.39
19 17.808 63.374 6.51 185.39
20 18.681 61.4 8.12 185.39
21 78.135 91.653 8.16 120.21
22 86.153 92.597 7.49 120.21
23 82.736 83.622 2.13 120.21
24 80.425 88.066 4.02 120.21
25 80.046 86.452 3.63 120.21
26 82.925 92.334 6.8 120.21
27 81.132 90.009 5.06 120.21
28 83.534 85.149 0.43 120.21
29 87.192 85.247 3.64 120.21
30 82.251 91.747 10.0 1867.95
31 21.96 67.244 10.0 1867.95
32 21.282 68.111 1.48 185.39
33 18.991 71.086 2.29 185.39
34 16.085 64.739 6.33 185.39
35 19.157 60.7 8.72 185.39
36 17.993 69.42 2.46 185.39
37 13.117 67.984 7.45 185.39
38 21.059 66.088 3.3 185.39
39 19.603 72.144 2.95 185.39
40 19.698 73.501 4.25 185.39
41 78.99 7.888 9.76 50.51
42 81.742 18.36 1.14 50.51
43 86.495 17.311 4.7 50.51
44 72.746 20.821 9.74 50.51
45 73.304 15.794 8.62 50.51
46 81.73 17.507 0.29 50.51
47 76.202 21.735 7.19 50.51
48 88.722 18.533 7.05 50.51
49 73.366 11.981 9.94 50.51
50 86.677 21.201 6.3 50.51
Old Students: 22 33 26 47 3 28 11 12 15 25 1 37 44 38 50 29 6 49 27 48 14 35 18 19 45 17 40 46 36 10 21 41 16 7 24 8 4 5 34 23 39 20 32 43 42 
New Students: 31 9 2 13 30 