41 stops, 45 old_students, 5 new_students, 40.0 max_walk, 22 capacity
1 50.0 50.0
2 53.3 50.6
3 55.001 48.357
4 48.874 49.645
5 59.513 46.613
6 53.997 49.473
7 59.409 49.305
8 58.455 49.9
9 56.149 50.46
10 50.23 49.318
11 58.091 47.297
12 52.118 49.48
13 53.117 47.378
14 51.543 47.245
15 53.207 47.124
16 56.947 47.467
17 54.872 47.671
18 49.678 49.218
19 51.468 46.748
20 53.501 46.971
21 53.12 50.022
22 49.777 47.221
23 55.21 48.92
24 54.221 46.821
25 57.911 50.577
26 57.557 47.826
27 57.945 47.368
28 49.476 50.438
29 54.159 49.178
30 51.73 48.543
31 51.721 49.25
32 54.513 49.576
33 50.526 46.908
34 58.882 49.672
35 58.454 46.647
36 51.802 48.578
37 57.639 48.166
38 51.985 48.349
39 56.631 47.914
40 48.996 47.981
1 66.603 13.758 39.15 0.72
2 57.41 12.258 37.75 0.72
3 37.492 59.235 14.89 1.19
4 46.185 49.34 2.71 1.19
5 28.485 46.502 26.59 5.27
6 34.457 35.259 24.37 5.27
7 51.385 51.894 3.38 1.19
8 70.644 27.513 31.05 1.19
9 56.044 47.249 7.56 1.19
10 68.739 40.879 21.72 1.19
11 50.492 59.312 11.85 5.27
12 56.302 46.333 6.77 0.72
13 48.065 47.993 6.95 5.27
14 59.102 59.976 14.54 1.19
15 48.346 42.976 40.0 822.77
16 53.899 87.498 38.19 1.19
17 75.446 79.299 39.18 0.72
18 76.48 42.83 28.44 1.19
19 87.706 26.058 39.59 5.27
20 38.811 41.879 12.72 1.19
21 12.621 33.356 39.75 1.19
22 54.286 43.86 6.81 0.72
23 69.707 33.347 21.02 5.27
24 36.238 44.763 13.55 1.19
25 17.325 38.725 40.0 822.77
26 24.723 51.478 40.0 822.77
27 49.715 66.694 17.07 1.19
28 45.081 39.81 10.55 1.19
29 43.526 57.715 10.75 0.72
30 34.949 46.13 14.37 1.19
31 46.348 66.335 40.0 822.77
32 69.486 36.906 40.0 822.77
33 65.18 17.391 36.15 1.19
34 58.538 47.555 8.5 0.72
35 40.466 30.733 20.7 1.19
36 54.814 45.41 2.96 5.27
37 80.394 32.072 36.09 1.19
38 72.882 40.211 25.8 1.19
39 46.161 48.534 8.85 5.27
40 71.756 21.651 35.06 0.72
41 54.012 49.481 1.5 5.27
42 62.998 44.074 15.19 1.19
43 63.779 24.268 29.44 1.19
44 41.371 23.252 27.54 0.72
45 70.902 67.319 27.42 0.72
46 81.536 43.315 31.88 0.72
47 61.232 48.288 12.44 1.19
48 54.892 33.386 16.61 0.72
49 39.379 52.225 16.1 5.27
50 50.715 48.058 1.36 0.72
Old Students: 4 29 12 17 2 21 6 46 42 18 22 16 9 50 11 33 24 44 23 36 37 35 28 48 38 20 10 27 45 43 8 3 30 14 19 7 5 34 41 13 1 39 47 49 40 
New Students: 26 15 32 25 31 