21 stops, 22 old_students, 3 new_students, 5.0 max_walk, 45 capacity
1 50.0 50.0
2 18.659 61.929
3 39.333 71.994
4 38.897 22.113
5 61.034 81.043
6 51.108 25.087
7 47.189 36.756
8 45.5 71.603
9 31.595 34.566
10 53.056 70.564
11 21.628 47.561
12 53.068 61.515
13 30.854 51.157
14 35.19 60.856
15 55.308 46.099
16 20.824 44.626
17 51.682 77.642
18 52.234 22.572
19 49.646 78.721
20 28.921 78.332
1 19.145 60.259 1.74 79.46
2 20.52 63.862 2.69 79.46
3 16.922 65.288 3.79 79.46
4 16.099 61.305 2.64 79.46
5 18.831 57.274 4.66 79.46
6 43.611 71.185 4.36 56.46
7 39.504 76.978 4.99 56.46
8 42.111 70.632 3.1 56.46
9 39.283 72.103 0.12 56.46
10 38.65 76.238 4.3 56.46
11 38.578 21.439 0.75 124.12
12 39.382 23.47 1.45 124.12
13 38.409 17.527 4.62 124.12
14 41.39 20.647 2.9 124.12
15 38.464 20.736 1.45 124.12
16 61.054 84.955 3.92 32.95
17 61.771 76.452 4.65 32.95
18 59.754 83.133 2.46 32.95
19 59.909 79.11 2.24 32.95
20 61.985 79.754 1.61 32.95
21 52.066 27.715 5.0 607.24
22 51.296 24.274 5.0 607.24
23 49.153 23.331 2.63 136.69
24 48.409 27.259 3.47 136.69
25 52.512 26.278 5.0 607.24
Old Students: 6 1 23 7 4 3 19 18 2 24 20 9 17 8 12 5 14 16 11 15 10 13 
New Students: 25 22 21 