41 stops, 45 old_students, 5 new_students, 10.0 max_walk, 22 capacity
1 50.0 50.0
2 40.277 53.238
3 19.477 85.129
4 84.504 28.161
5 26.944 85.843
6 47.133 44.509
7 48.209 29.587
8 76.987 67.0
9 35.819 28.279
10 53.839 39.592
11 62.116 54.453
12 79.904 75.889
13 34.878 82.244
14 75.064 37.544
15 62.669 59.062
16 58.604 30.618
17 54.651 47.202
18 44.191 41.283
19 70.412 64.705
20 67.906 78.566
21 72.927 80.879
22 51.828 41.661
23 33.869 29.678
24 51.344 56.42
25 53.716 37.309
26 66.424 61.72
27 66.447 39.828
28 64.661 54.489
29 39.771 47.483
30 22.831 36.544
31 31.832 53.714
32 29.22 35.533
33 69.991 48.789
34 34.006 85.254
35 72.823 32.486
36 43.577 38.133
37 38.249 83.238
38 81.541 40.942
39 62.748 49.133
40 24.842 67.61
1 38.382 47.404 1.4 16.03
2 41.811 55.688 2.9 10.25
3 39.128 54.704 1.87 10.25
4 43.489 61.364 8.74 10.25
5 40.07 53.205 0.21 10.25
6 39.766 54.557 10.0 1655.49
7 46.504 54.469 6.35 10.25
8 38.886 53.637 6.22 16.03
9 42.384 52.86 5.98 16.03
10 37.93 45.238 2.91 16.03
11 19.148 88.68 8.3 42.62
12 19.225 91.952 9.85 42.62
13 21.254 85.056 5.75 42.62
14 20.454 84.707 6.59 42.62
15 21.98 90.849 7.05 42.62
16 19.708 84.774 7.32 42.62
17 19.532 84.815 7.49 42.62
18 21.395 82.216 6.63 42.62
19 23.404 80.557 6.37 42.62
20 18.45 86.646 8.54 42.62
21 81.328 31.383 8.58 53.3
22 87.377 23.126 5.8 40.84
23 80.246 23.897 6.03 40.84
24 86.349 26.33 2.6 40.84
25 82.194 28.143 10.0 1655.49
26 84.347 27.264 0.92 40.84
27 80.788 32.665 7.97 53.3
28 85.36 29.338 1.46 40.84
29 81.355 24.801 4.61 40.84
30 83.356 25.246 3.14 40.84
31 30.198 81.058 5.79 42.62
32 28.344 89.631 4.04 42.62
33 28.811 92.171 6.6 42.62
34 17.966 84.144 10.0 1655.49
35 27.435 85.055 0.93 42.62
36 22.87 89.896 5.75 42.62
37 27.292 84.712 1.19 42.62
38 23.678 93.582 8.4 42.62
39 31.701 87.684 5.11 42.62
40 28.427 89.209 3.68 42.62
41 47.467 40.717 9.68 5.43
42 41.928 37.931 10.0 1655.49
43 46.796 44.565 7.61 16.03
44 45.873 51.642 7.39 16.03
45 46.775 44.381 8.37 5.43
46 42.732 39.234 10.0 1655.49
47 43.513 48.435 5.8 10.25
48 47.344 45.109 7.61 5.43
49 39.937 39.857 7.63 16.03
50 48.754 43.65 9.77 16.03
Old Students: 41 24 13 28 5 11 37 38 20 4 16 26 18 29 35 44 2 32 10 7 14 15 21 22 48 31 33 47 45 36 27 3 1 40 50 12 19 43 9 17 23 39 8 30 49 
New Students: 25 34 46 6 42 