21 stops, 22 old_students, 3 new_students, 40.0 max_walk, 45 capacity
1 50.0 50.0
2 59.548 40.389
3 53.673 53.941
4 42.026 50.059
5 50.179 57.985
6 55.118 50.137
7 54.308 44.74
8 48.487 44.053
9 53.712 55.466
10 52.462 51.585
11 51.425 42.305
12 55.027 54.796
13 54.497 41.288
14 51.744 47.826
15 57.313 48.18
16 52.529 43.789
17 48.302 54.355
18 48.443 54.816
19 42.773 54.684
20 58.293 49.219
1 48.359 55.86 5.71 8.62
2 66.386 41.507 27.05 8.62
3 35.834 29.28 26.34 8.62
4 82.836 57.993 40.0 474.38
5 65.612 27.586 35.44 8.62
6 57.604 78.332 27.92 8.62
7 45.98 51.086 4.82 8.62
8 72.342 45.38 31.0 8.62
9 73.329 54.915 40.0 474.38
10 60.328 31.039 29.45 8.62
11 9.071 35.512 38.78 8.62
12 39.486 65.756 11.55 8.62
13 15.359 53.768 27.43 8.62
14 33.094 16.004 39.88 8.62
15 41.433 49.796 5.07 8.62
16 65.941 23.786 38.62 8.62
17 46.987 59.167 6.16 8.62
18 58.584 55.702 15.85 8.62
19 78.877 67.55 38.33 8.62
20 42.443 54.516 0.38 8.62
21 64.465 56.926 21.81 8.62
22 43.613 27.844 26.86 8.62
23 19.763 49.856 23.52 8.62
24 53.807 30.853 40.0 474.38
25 68.199 78.151 34.61 8.62
Old Students: 15 13 21 5 14 25 19 11 6 23 20 17 7 12 2 3 16 8 1 18 22 10 
New Students: 4 24 9 